0.59913
0.66124
0.59546
0.64096
0.59004
0.61685
0.58268
0.58738
0.56254
0.55834
0.53912
0.52913
0.52457
0.49666
0.49505
0.46894
0.47591
0.43960
0.45144
0.42182
0.43689
0.40584
0.42358
0.39252
0.41746
0.37823
0.40959
0.37032
0.40134
0.37745
0.39408
0.35445
0.39663
0.35114
0.38823
0.34789
0.38196
0.36180
0.39184
0.36372
0.38593
0.35813
0.37672
0.34926
0.37167
0.36349
0.37042
0.34965
0.36730
0.35775
0.36505
0.35612
0.36229
0.34868
0.35991
0.34512
0.35913
0.34360
0.35448
0.34019
0.34997
0.32987
0.34528
0.32010
0.33742
0.31622
0.32662
0.29799
0.31428
0.27891
0.29841
0.26194
0.26903
0.36312
0.32055
0.24485
0.25081
0.20068
0.22375
0.19624
0.16692
0.19105
0.26434
0.23996
0.80204
0.15475
0.33987
0.28430
0.20283
0.25925
0.11578
0.19039
0.12209
0.11008
0.10329
0.08200
0.07731
0.06940
0.06129
0.25642
0.05126
0.05848
0.25072
0.09056
0.05097
0.08885
0.05294
0.07540
0.03704
0.06445
0.02890
0.05373
0.02536
0.05254
0.02241
0.04049
0.01962
0.03488
0.01606
0.05294
0.01475
0.05060
0.01410
0.06587
0.01240
0.05812
0.01154
0.05208
0.01358
0.04211
0.01023
0.04462
0.01024
0.04558
0.00950
0.03899
0.01011
0.04199
0.01452
0.04618
0.00870
0.04064
0.00826
0.03975
0.00802
0.03845
0.00781
0.03734
0.00761
0.03458
0.00714
0.03401
0.00646
0.03498
0.00603
0.03427
0.00576
0.03362
0.00545
0.03302
0.00524
0.03246
0.00507
0.03193
0.00488
0.03149